0.00 8.000000 8.000000 4.500000 4.500000 0.000000 0.000000 -90.000000
10.00 90.000000        
-4.50000 -3.50000 -2.50000 -1.50000 -0.50000 0.50000 1.50000 2.50000
-4.50000 -3.50000 -2.50000 -1.50000 -0.50000 0.50000 1.50000 2.50000
-4.50000 -3.50000 -2.50000 -1.50000 -0.50000 0.50000 1.50000 2.50000
-4.50000 -3.50000 -2.50000 -1.50000 -0.50000 0.50000 1.50000 2.50000
-4.50000 -3.50000 -2.50000 -1.50000 -0.50000 0.50000 1.50000 2.50000
-4.50000 -3.50000 -2.50000 -1.50000 -0.50000 0.50000 1.50000 2.50000
-4.50000 -3.50000 -2.50000 -1.50000 -0.50000 0.50000 1.50000 2.50000
-4.50000 -3.50000 -2.50000 -1.50000 -0.50000 0.50000 1.50000 2.50000
       
-4.43163 -3.44683 -2.46202 -1.47721 -0.49240 0.49240 1.47721 2.46202
-4.43163 -3.44683 -2.46202 -1.47721 -0.49240 0.49240 1.47721 2.46202
-4.43163 -3.44683 -2.46202 -1.47721 -0.49240 0.49240 1.47721 2.46202
-4.43163 -3.44683 -2.46202 -1.47721 -0.49240 0.49240 1.47721 2.46202
-4.43163 -3.44683 -2.46202 -1.47721 -0.49240 0.49240 1.47721 2.46202
-4.43163 -3.44683 -2.46202 -1.47721 -0.49240 0.49240 1.47721 2.46202
-4.43163 -3.44683 -2.46202 -1.47721 -0.49240 0.49240 1.47721 2.46202
-4.43163 -3.44683 -2.46202 -1.47721 -0.49240 0.49240 1.47721 2.46202
       
-4.22862 -3.28892 -2.34923 -1.40954 -0.46985 0.46985 1.40954 2.34923
-4.22862 -3.28892 -2.34923 -1.40954 -0.46985 0.46985 1.40954 2.34923
-4.22862 -3.28892 -2.34923 -1.40954 -0.46985 0.46985 1.40954 2.34923
-4.22862 -3.28892 -2.34923 -1.40954 -0.46985 0.46985 1.40954 2.34923
-4.22862 -3.28892 -2.34923 -1.40954 -0.46985 0.46985 1.40954 2.34923
-4.22862 -3.28892 -2.34923 -1.40954 -0.46985 0.46985 1.40954 2.34923
-4.22862 -3.28892 -2.34923 -1.40954 -0.46985 0.46985 1.40954 2.34923
-4.22862 -3.28892 -2.34923 -1.40954 -0.46985 0.46985 1.40954 2.34923
       
-3.89711 -3.03109 -2.16506 -1.29904 -0.43301 0.43301 1.29904 2.16506
-3.89711 -3.03109 -2.16506 -1.29904 -0.43301 0.43301 1.29904 2.16506
-3.89711 -3.03109 -2.16506 -1.29904 -0.43301 0.43301 1.29904 2.16506
-3.89711 -3.03109 -2.16506 -1.29904 -0.43301 0.43301 1.29904 2.16506
-3.89711 -3.03109 -2.16506 -1.29904 -0.43301 0.43301 1.29904 2.16506
-3.89711 -3.03109 -2.16506 -1.29904 -0.43301 0.43301 1.29904 2.16506
-3.89711 -3.03109 -2.16506 -1.29904 -0.43301 0.43301 1.29904 2.16506
-3.89711 -3.03109 -2.16506 -1.29904 -0.43301 0.43301 1.29904 2.16506
       
-3.44720 -2.68116 -1.91511 -1.14907 -0.38302 0.38302 1.14907 1.91511
-3.44720 -2.68116 -1.91511 -1.14907 -0.38302 0.38302 1.14907 1.91511
-3.44720 -2.68116 -1.91511 -1.14907 -0.38302 0.38302 1.14907 1.91511
-3.44720 -2.68116 -1.91511 -1.14907 -0.38302 0.38302 1.14907 1.91511
-3.44720 -2.68116 -1.91511 -1.14907 -0.38302 0.38302 1.14907 1.91511
-3.44720 -2.68116 -1.91511 -1.14907 -0.38302 0.38302 1.14907 1.91511
-3.44720 -2.68116 -1.91511 -1.14907 -0.38302 0.38302 1.14907 1.91511
-3.44720 -2.68116 -1.91511 -1.14907 -0.38302 0.38302 1.14907 1.91511
       
-2.89254 -2.24976 -1.60697 -0.96418 -0.32139 0.32139 0.96418 1.60697
-2.89254 -2.24976 -1.60697 -0.96418 -0.32139 0.32139 0.96418 1.60697
-2.89254 -2.24976 -1.60697 -0.96418 -0.32139 0.32139 0.96418 1.60697
-2.89254 -2.24976 -1.60697 -0.96418 -0.32139 0.32139 0.96418 1.60697
-2.89254 -2.24976 -1.60697 -0.96418 -0.32139 0.32139 0.96418 1.60697
-2.89254 -2.24976 -1.60697 -0.96418 -0.32139 0.32139 0.96418 1.60697
-2.89254 -2.24976 -1.60697 -0.96418 -0.32139 0.32139 0.96418 1.60697
-2.89254 -2.24976 -1.60697 -0.96418 -0.32139 0.32139 0.96418 1.60697
       
-2.25000 -1.75000 -1.25000 -0.75000 -0.25000 0.25000 0.75000 1.25000
-2.25000 -1.75000 -1.25000 -0.75000 -0.25000 0.25000 0.75000 1.25000
-2.25000 -1.75000 -1.25000 -0.75000 -0.25000 0.25000 0.75000 1.25000
-2.25000 -1.75000 -1.25000 -0.75000 -0.25000 0.25000 0.75000 1.25000
-2.25000 -1.75000 -1.25000 -0.75000 -0.25000 0.25000 0.75000 1.25000
-2.25000 -1.75000 -1.25000 -0.75000 -0.25000 0.25000 0.75000 1.25000
-2.25000 -1.75000 -1.25000 -0.75000 -0.25000 0.25000 0.75000 1.25000
-2.25000 -1.75000 -1.25000 -0.75000 -0.25000 0.25000 0.75000 1.25000
       
-1.53909 -1.19707 -0.85505 -0.51303 -0.17101 0.17101 0.51303 0.85505
-1.53909 -1.19707 -0.85505 -0.51303 -0.17101 0.17101 0.51303 0.85505
-1.53909 -1.19707 -0.85505 -0.51303 -0.17101 0.17101 0.51303 0.85505
-1.53909 -1.19707 -0.85505 -0.51303 -0.17101 0.17101 0.51303 0.85505
-1.53909 -1.19707 -0.85505 -0.51303 -0.17101 0.17101 0.51303 0.85505
-1.53909 -1.19707 -0.85505 -0.51303 -0.17101 0.17101 0.51303 0.85505
-1.53909 -1.19707 -0.85505 -0.51303 -0.17101 0.17101 0.51303 0.85505
-1.53909 -1.19707 -0.85505 -0.51303 -0.17101 0.17101 0.51303 0.85505
       
-0.78142 -0.60777 -0.43412 -0.26047 -0.08682 0.08682 0.26047 0.43412
-0.78142 -0.60777 -0.43412 -0.26047 -0.08682 0.08682 0.26047 0.43412
-0.78142 -0.60777 -0.43412 -0.26047 -0.08682 0.08682 0.26047 0.43412
-0.78142 -0.60777 -0.43412 -0.26047 -0.08682 0.08682 0.26047 0.43412
-0.78142 -0.60777 -0.43412 -0.26047 -0.08682 0.08682 0.26047 0.43412
-0.78142 -0.60777 -0.43412 -0.26047 -0.08682 0.08682 0.26047 0.43412
-0.78142 -0.60777 -0.43412 -0.26047 -0.08682 0.08682 0.26047 0.43412
-0.78142 -0.60777 -0.43412 -0.26047 -0.08682 0.08682 0.26047 0.43412
       
0.00000 0.00000 0.00000 0.00000 0.00000 0.00000 0.00000 0.00000
0.00000 0.00000 0.00000 0.00000 0.00000 0.00000 0.00000 0.00000
0.00000 0.00000 0.00000 0.00000 0.00000 0.00000 0.00000 0.00000
0.00000 0.00000 0.00000 0.00000 0.00000 0.00000 0.00000 0.00000
0.00000 0.00000 0.00000 0.00000 0.00000 0.00000 0.00000 0.00000
0.00000 0.00000 0.00000 0.00000 0.00000 0.00000 0.00000 0.00000
0.00000 0.00000 0.00000 0.00000 0.00000 0.00000 0.00000 0.00000
0.00000 0.00000 0.00000 0.00000 0.00000 0.00000 0.00000 0.00000
       
0.78142 0.60777 0.43412 0.26047 0.08682 -0.08682 -0.26047 -0.43412
0.78142 0.60777 0.43412 0.26047 0.08682 -0.08682 -0.26047 -0.43412
0.78142 0.60777 0.43412 0.26047 0.08682 -0.08682 -0.26047 -0.43412
0.78142 0.60777 0.43412 0.26047 0.08682 -0.08682 -0.26047 -0.43412
0.78142 0.60777 0.43412 0.26047 0.08682 -0.08682 -0.26047 -0.43412
0.78142 0.60777 0.43412 0.26047 0.08682 -0.08682 -0.26047 -0.43412
0.78142 0.60777 0.43412 0.26047 0.08682 -0.08682 -0.26047 -0.43412
0.78142 0.60777 0.43412 0.26047 0.08682 -0.08682 -0.26047 -0.43412
       
1.53909 1.19707 0.85505 0.51303 0.17101 -0.17101 -0.51303 -0.85505
1.53909 1.19707 0.85505 0.51303 0.17101 -0.17101 -0.51303 -0.85505
1.53909 1.19707 0.85505 0.51303 0.17101 -0.17101 -0.51303 -0.85505
1.53909 1.19707 0.85505 0.51303 0.17101 -0.17101 -0.51303 -0.85505
1.53909 1.19707 0.85505 0.51303 0.17101 -0.17101 -0.51303 -0.85505
1.53909 1.19707 0.85505 0.51303 0.17101 -0.17101 -0.51303 -0.85505
1.53909 1.19707 0.85505 0.51303 0.17101 -0.17101 -0.51303 -0.85505
1.53909 1.19707 0.85505 0.51303 0.17101 -0.17101 -0.51303 -0.85505
       
2.25000 1.75000 1.25000 0.75000 0.25000 -0.25000 -0.75000 -1.25000
2.25000 1.75000 1.25000 0.75000 0.25000 -0.25000 -0.75000 -1.25000
2.25000 1.75000 1.25000 0.75000 0.25000 -0.25000 -0.75000 -1.25000
2.25000 1.75000 1.25000 0.75000 0.25000 -0.25000 -0.75000 -1.25000
2.25000 1.75000 1.25000 0.75000 0.25000 -0.25000 -0.75000 -1.25000
2.25000 1.75000 1.25000 0.75000 0.25000 -0.25000 -0.75000 -1.25000
2.25000 1.75000 1.25000 0.75000 0.25000 -0.25000 -0.75000 -1.25000
2.25000 1.75000 1.25000 0.75000 0.25000 -0.25000 -0.75000 -1.25000
       
2.89254 2.24976 1.60697 0.96418 0.32139 -0.32139 -0.96418 -1.60697
2.89254 2.24976 1.60697 0.96418 0.32139 -0.32139 -0.96418 -1.60697
2.89254 2.24976 1.60697 0.96418 0.32139 -0.32139 -0.96418 -1.60697
2.89254 2.24976 1.60697 0.96418 0.32139 -0.32139 -0.96418 -1.60697
2.89254 2.24976 1.60697 0.96418 0.32139 -0.32139 -0.96418 -1.60697
2.89254 2.24976 1.60697 0.96418 0.32139 -0.32139 -0.96418 -1.60697
2.89254 2.24976 1.60697 0.96418 0.32139 -0.32139 -0.96418 -1.60697
2.89254 2.24976 1.60697 0.96418 0.32139 -0.32139 -0.96418 -1.60697
       
3.44720 2.68116 1.91511 1.14907 0.38302 -0.38302 -1.14907 -1.91511
3.44720 2.68116 1.91511 1.14907 0.38302 -0.38302 -1.14907 -1.91511
3.44720 2.68116 1.91511 1.14907 0.38302 -0.38302 -1.14907 -1.91511
3.44720 2.68116 1.91511 1.14907 0.38302 -0.38302 -1.14907 -1.91511
3.44720 2.68116 1.91511 1.14907 0.38302 -0.38302 -1.14907 -1.91511
3.44720 2.68116 1.91511 1.14907 0.38302 -0.38302 -1.14907 -1.91511
3.44720 2.68116 1.91511 1.14907 0.38302 -0.38302 -1.14907 -1.91511
3.44720 2.68116 1.91511 1.14907 0.38302 -0.38302 -1.14907 -1.91511
       
3.89711 3.03109 2.16506 1.29904 0.43301 -0.43301 -1.29904 -2.16506
3.89711 3.03109 2.16506 1.29904 0.43301 -0.43301 -1.29904 -2.16506
3.89711 3.03109 2.16506 1.29904 0.43301 -0.43301 -1.29904 -2.16506
3.89711 3.03109 2.16506 1.29904 0.43301 -0.43301 -1.29904 -2.16506
3.89711 3.03109 2.16506 1.29904 0.43301 -0.43301 -1.29904 -2.16506
3.89711 3.03109 2.16506 1.29904 0.43301 -0.43301 -1.29904 -2.16506
3.89711 3.03109 2.16506 1.29904 0.43301 -0.43301 -1.29904 -2.16506
3.89711 3.03109 2.16506 1.29904 0.43301 -0.43301 -1.29904 -2.16506
       
4.22862 3.28892 2.34923 1.40954 0.46985 -0.46985 -1.40954 -2.34923
4.22862 3.28892 2.34923 1.40954 0.46985 -0.46985 -1.40954 -2.34923
4.22862 3.28892 2.34923 1.40954 0.46985 -0.46985 -1.40954 -2.34923
4.22862 3.28892 2.34923 1.40954 0.46985 -0.46985 -1.40954 -2.34923
4.22862 3.28892 2.34923 1.40954 0.46985 -0.46985 -1.40954 -2.34923
4.22862 3.28892 2.34923 1.40954 0.46985 -0.46985 -1.40954 -2.34923
4.22862 3.28892 2.34923 1.40954 0.46985 -0.46985 -1.40954 -2.34923
4.22862 3.28892 2.34923 1.40954 0.46985 -0.46985 -1.40954 -2.34923
       
4.43163 3.44683 2.46202 1.47721 0.49240 -0.49240 -1.47721 -2.46202
4.43163 3.44683 2.46202 1.47721 0.49240 -0.49240 -1.47721 -2.46202
4.43163 3.44683 2.46202 1.47721 0.49240 -0.49240 -1.47721 -2.46202
4.43163 3.44683 2.46202 1.47721 0.49240 -0.49240 -1.47721 -2.46202
4.43163 3.44683 2.46202 1.47721 0.49240 -0.49240 -1.47721 -2.46202
4.43163 3.44683 2.46202 1.47721 0.49240 -0.49240 -1.47721 -2.46202
4.43163 3.44683 2.46202 1.47721 0.49240 -0.49240 -1.47721 -2.46202
4.43163 3.44683 2.46202 1.47721 0.49240 -0.49240 -1.47721 -2.46202
       
4.50000 3.50000 2.50000 1.50000 0.50000 -0.50000 -1.50000 -2.50000
4.50000 3.50000 2.50000 1.50000 0.50000 -0.50000 -1.50000 -2.50000
4.50000 3.50000 2.50000 1.50000 0.50000 -0.50000 -1.50000 -2.50000
4.50000 3.50000 2.50000 1.50000 0.50000 -0.50000 -1.50000 -2.50000
4.50000 3.50000 2.50000 1.50000 0.50000 -0.50000 -1.50000 -2.50000
4.50000 3.50000 2.50000 1.50000 0.50000 -0.50000 -1.50000 -2.50000
4.50000 3.50000 2.50000 1.50000 0.50000 -0.50000 -1.50000 -2.50000
4.50000 3.50000 2.50000 1.50000 0.50000 -0.50000 -1.50000 -2.50000
